# Created by Octave 6.4.0, Mon Apr 24 10:59:00 2023 CST <estudiante@Latitude-5491>
# name: v
# type: matrix
# rows: 10
# columns: 1
 7673
 9342
 2943
 7482
 8432
 4391
 8572
 1349
 1940
 4174


